# Grid - board structuur

class grid:
    # definitie: stap, x, y, kaart, alignment
    gridarray = [
        [1, 755, 755, 0, 2 ], # rechts onder
        [2, 666, 755, 0, 1 ],
        [3, 602,755, 0, 1 ],
        [4, 540,755,0,1],
        [5, 475,755,0,1],
        [6, 410,755,0,1],
        [7, 345,755,0,1],
        [8, 284,755,0,1],
        [9, 221,755,0,1],
        [10, 155,755,0,1],

        [11, 67, 755,0,2], # links onder
        [12,62, 660, 0, 4],
        [13,62, 600, 0, 4],
        [14,62, 535, 0, 4],
        [15,62, 470,0, 4],
        [16,62, 405,0, 4],
        [17,62, 342,0, 4],
        [18,62, 280,0, 4],
        [19,62, 216,0, 4],
        [20,62, 150,0, 4],

        [21,62, 60,0, 2], # links boven
        [22,155, 60,0, 0],
        [23,221, 60,0, 0],
        [24,284, 60,0, 0],
        [25,345, 60,0, 0],
        [26,410, 60,0, 0],
        [27,475, 60,0, 0],
        [28,540, 60,0, 0],
        [29,602, 60,0, 0],
        [30,666, 60,0, 0],

        [31,755, 60,0, 2], # rechts boven
        [32,755, 150,0, 4],
        [33,755, 216,0, 4],
        [34,755, 280,0, 4],
        [35,755, 342,0, 4],
        [36,755, 405,0, 4],
        [37,755, 470,0, 4],
        [38,755, 535,0, 4],
        [39,755, 600,0, 4],
        [40,755, 660,0, 4]
    ]

    @staticmethod
    def getveld(self, veldnr):
        return grid.gridarray[veldnr - 1]


